165,2
4294967279,218
165,4
4294967278,15
4294967278,14
4294967278,13
4294967278,12
4294967278,10
4294967278,8
4294967278,4
4294967279,132
4294967279,131
4294967279,129
4294967279,123
4294967279,122
4294967279,121
4294967279,120
4294967279,118
4294967279,113
4294967279,111
4294967279,110
4294967279,108
4294967279,96
4294967279,93
4294967279,396
4294967278,422
164,4
4294967279,99
4294967279,440
4294967279,211
4294967294,422
4294967294,917
4294967294,906
4294967294,915
4294967279,210
4294967278,208
4294967279,209
4294967279,208
4294967278,203
4294967279,207
229,6
229,5
4294967279,206
229,4
229,3
229,2
229,1
4294967279,205
4294967279,90
4294967279,313
177,3
4294967279,202
4294967279,201
4294967279,86
4294967279,199
4294967278,197
4294967279,197
4294967279,196
4294967278,190
4294967279,453
4294967279,189
4294967279,188
4294967279,187
227,6
227,5
227,4
227,3
227,2
227,1
4294967278,295
4294967278,173
4294967279,302
4294967278,162
4294967294,396
4294967294,413
4294967294,179
4294967294,407
4294967294,425
4294967294,411
4294967294,168
4294967294,918
4294967294,403
4294967294,420
4294967294,384
4294967294,454
4294967294,462
4294967294,397
4294967294,460
4294967279,464
4294967278,154
4294967279,154
4294967278,153
223,5
4294967278,152
223,4
4294967279,152
223,3
223,2
223,1
4294967278,151
4294967279,456
4294967278,420
4294967279,297
4294967278,388
4294967279,145
222,5
222,4
222,3
222,2
222,1
4294967279,143
4294967294,926
4294967279,386
173,3
165,3
4294967294,471
4294967279,394
4294967294,430
4294967279,485
4294967278,132
4294967278,131
4294967278,126
4294967278,124
4294967278,121
4294967278,119
4294967278,245
4294967278,118
4294967278,117
4294967278,116
4294967278,239
4294967278,115
4294967278,114
4294967278,112
4294967278,110
4294967278,109
4294967278,108
4294967278,225
4294967278,107
4294967278,223
4294967278,106
4294967278,105
4294967278,219
4294967278,104
4294967278,103
4294967278,102
4294967278,101
4294967278,99
4294967278,357
4294967278,97
4294967278,356
4294967278,96
4294967278,395
4294967278,95
4294967278,94
4294967278,306
4294967278,93
4294967278,92
4294967278,91
4294967278,87
4294967278,86
4294967278,85
4294967278,84
4294967278,83
4294967278,351
4294967278,82
4294967278,81
4294967278,79
4294967278,76
4294967278,348
4294967278,74
4294967278,346
4294967278,72
4294967278,393
4294967278,71
4294967278,70
4294967278,69
4294967278,68
4294967278,294
4294967278,66
4294967278,65
4294967278,64
4294967278,344
4294967278,63
4294967278,401
4294967278,62
4294967278,61
4294967278,387
4294967278,60
4294967278,59
4294967278,292
4294967278,58
4294967278,402
4294967278,57
4294967278,56
4294967278,400
4294967278,55
4294967278,54
4294967278,370
4294967278,53
4294967278,52
4294967278,339
4294967278,51
4294967278,50
4294967278,290
4294967278,49
4294967278,289
4294967278,48
4294967278,47
4294967278,391
4294967278,46
4294967278,260
4294967278,45
4294967278,44
4294967278,337
4294967278,42
4294967278,336
4294967278,41
4294967278,40
4294967278,39
4294967278,38
4294967278,37
4294967278,36
4294967278,35
4294967278,34
4294967278,32
4294967278,31
4294967278,30
4294967278,29
4294967278,28
4294967278,27
4294967278,26
4294967278,25
4294967278,24
4294967279,83
4294967279,81
4294967279,80
4294967279,79
4294967279,78
4294967279,76
4294967279,465
4294967279,73
4294967279,71
4294967279,70
4294967279,308
4294967279,69
4294967279,68
4294967279,307
4294967279,67
4294967279,66
4294967279,61
4294967279,59
4294967279,58
4294967279,57
4294967279,56
4294967279,55
4294967279,50
4294967279,48
4294967279,405
4294967279,47
4294967279,46
4294967279,45
4294967279,44
4294967279,43
4294967279,40
4294967279,38
4294967279,37
4294967279,35
4294967279,34
4294967279,33
4294967279,29
4294967279,27
4294967279,26
4294967279,15
4294967279,6
4294967279,5
4294967279,4
4294967279,25
4294967279,469
4294967279,24
4294967279,468
4294967278,23
4294967278,418
4294967279,494
4294967278,442
4294967278,22
4294967278,21
4294967278,386
4294967279,21
4294967278,20
4294967279,20
4294967279,427
4294967278,19
4294967279,19
4294967279,398
4294967278,441
4294967278,333
4294967279,493
4294967279,18
4294967278,326
4294967279,17
4294967279,289
4294967278,440
4294967279,492
4294967279,16
4294967279,13
4294967279,491
4294967279,14
4294967279,467
4294967278,380
4294967278,439
4294967279,286
4294967279,10
4294967278,438
4294967279,8
4294967278,256
4294967279,446
4294967279,256
4294967279,387
4294967278,313
4294967278,242
4294967278,240
4294967278,238
4294967279,490
4294967278,98
4294967278,437
4294967279,225
4294967278,212
4294967278,414
4294967278,201
4294967279,436
4294967278,200
4294967279,77
4294967279,85
4294967279,418
4294967278,436
4294967279,84
4294967279,417
4294967279,82
4294967279,416
4294967279,192
4294967279,65
4294967279,75
4294967279,74
4294967279,415
4294967278,73
4294967278,347
4294967278,185
4294967279,437
4294967279,72
4294967278,181
4294967279,182
4294967278,180
4294967279,431
4294967279,64
4294967279,54
4294967279,63
4294967279,411
4294967279,62
4294967279,410
4294967279,60
4294967279,455
4294967279,171
4294967278,169
4294967279,170
4294967279,450
4294967279,53
4294967279,407
4294967278,43
4294967278,435
4294967279,52
4294967279,406
4294967278,279
4294967279,51
